"Nom station dépose","Latitude station dépose","Longitude station dépose",Total,VAE,VM
"Mazagran - Bonne Nouvelle","48,870047123655","2,3511248454452",8,3,5
"Gare du Nord - Hôpital Lariboisière","48,881949","2,352339",8,0,8
"Gare du Nord - Denain","48,879595787608","2,3544725775719",10,0,10
"Place d'Italie - Soeur Rosalie","48,831908520394","2,3546943448098",14,0,14
"Place d'Italie - Vincent Auriol","48,831481874467","2,3567550292319",27,26,1
"Ivry - Simone Weil","48,8232839320308","2,36590951681137",8,5,3
"Porte d'Ivry","48,8217687475965","2,36887067556381",15,11,4
"Pau Casals - Neuve Tolbiac","48,8311602","2,3774395",15,12,3
"Bobillot - Paulin Mery","48,8298998417474","2,35433567667485",12,3,9
"Place du Docteur Yersin","48,8201049499198","2,37255837768316",15,5,10
"Place de la Porte de Châtillon","48,8242469","2,3186306",13,13,0
"Cassini - Denfert-Rochereau","48,837525839067","2,3360354080796",9,7,2
"Santé - Arago","48,8350765756206","2,34157372620449",12,12,0
"Gare Montparnasse - René Mouchotte","48,8392038432924","2,32088394463062",12,5,7
"Maurice d''''Ocagne - General Maudhuy","48,8241428252416","2,31587894260883",9,6,3
"Vaugirard - Pasteur","48,840408688035","2,3154367133975",15,0,15
"Henry Farman","48,8337243028055","2,27138545364141",8,5,3
"Dantzig - Lefebvre","48,8301392158676","2,29593403637409",15,15,0
"Porte de la Plaine","48,8280516960598","2,29242771863937",21,19,2
"Malakoff - Place de la Porte Maillot","48,8767334966375","2,28345774114132",3,3,0
"Porte Pouchet-Bessières","48,8978765","2,3230632",10,10,0
"Berthier - Porte de Clichy","48,894222687781","2,3125872006816",10,10,0
"Arthur Ranc - Hôpital Bichat","48,8978712500682","2,33352184295654",16,9,7
"Place du Maquis du Vercors","48,8773215794936","2,40837827324867",12,8,4
"Saint-Fargeau - Mortier","48,8726665612226","2,40791290998459",14,11,3
"Favart - Italiens","48,871446353921","2,3382901058508",7,7,0
"Repos - Cimetière du Père Lachaise","48,859358523593","2,3896131366845",12,11,1
"Mûriers - Père Lachaise","48,864130509668","2,39164982067019",10,10,0
"Saint-Fiacre - Poissonière","48,870828911558","2,3459213599563",9,9,0
"Place de la Bastille - Bourdon","48,852364355271","2,3681089282036",6,0,6
"Hôtel de Ville - Pont-Marie","48,8538996455274","2,35694725066423",4,0,4
"Beaumarchais - Pas de la Mule","48,855580507049","2,3684333673431",7,0,7
"Gare de Laplace","48,8089319911418","2,33494609594345",9,5,4
"Cimetière de Fontenay-sous-Bois","48,8470617336222","2,47878223657608",13,8,5
"Lebrun - Colonel Fabien ","48,7826687073315","2,38131780177355",9,1,8
"Camille Risch - Paul Armangot","48,774703","2,373685",9,2,7
"Maxime Gorki - Paul Vaillant-Couturier","48,7967350879544","2,36833423376083",14,7,7
"Guy Môquet - Parvis Georges Marchais","48,7951884009598","2,35943466424942",9,4,5
"Stalingrad - Henri Luisette","48,7836309245659","2,36693594676193",9,7,2
"Pierre Charron - Champs-Elysées","48,870103359864","2,3043501377106",12,12,0
